Maximal Array: 
  1  1  2  2  5  5  6  6
  1  1  2  2  5  5  6  6
  3  3  4  4  7  7  8  8
  3  3  4  4  7  7  8  8
  9  9 10 10 16 16 17 18
  9  9 10 10 16 16 19 20
 11 11 12 13 21 21 22 22
 11 11 14 15 21 21 22 22

Quadtree nodes: 
(1, 0, 2)
(2, 0, 2)
(3, 0, 2)
(4, 1, 2)
(0, -1, 0)
(5, 0, 2)
(6, 0, 2)
(7, 1, 2)
(8, 0, 2)
(0, -1, 0)
(9, 0, 2)
(10, 0, 2)
(11, 0, 2)
(12, 0, 3)
(13, 1, 3)
(14, 0, 3)
(15, 0, 3)
(0, -1, 0)
(0, -1, 0)
(16, 1, 2)
(17, 0, 3)
(18, 0, 3)
(19, 1, 3)
(20, 1, 3)
(0, -1, 0)
(21, 1, 2)
(22, 0, 2)
(0, -1, 0)
(0, -1, 0)
CPU time: 0.000361

Maximal Array: 
  1  1  1  1  2  2  3  3
  1  1  1  1  2  2  3  3
  1  1  1  1  4  4  5  6
  1  1  1  1  4  4  7  8
  9  9 10 11 16 17 20 21
  9  9 12 13 18 19 22 23
 14 14 15 15 24 25 28 28
 14 14 15 15 26 27 28 28

Quadtree nodes: 
(1, 0, 1)
(2, 0, 2)
(3, 0, 2)
(4, 0, 2)
(5, 0, 3)
(6, 1, 3)
(7, 0, 3)
(8, 1, 3)
(0, -1, 0)
(0, -1, 0)
(9, 0, 2)
(10, 1, 3)
(11, 1, 3)
(12, 0, 3)
(13, 0, 3)
(0, -1, 0)
(14, 0, 2)
(15, 0, 2)
(0, -1, 0)
(16, 1, 3)
(17, 1, 3)
(18, 0, 3)
(19, 1, 3)
(0, -1, 0)
(20, 0, 3)
(21, 1, 3)
(22, 1, 3)
(23, 1, 3)
(0, -1, 0)
(24, 1, 3)
(25, 1, 3)
(26, 1, 3)
(27, 0, 3)
(0, -1, 0)
(28, 1, 2)
(0, -1, 0)
(0, -1, 0)
CPU time: 0.000330

Maximal Array: 
  1  1  1  1  2  2  3  3
  1  1  1  1  2  2  3  3
  1  1  1  1  4  4  5  5
  1  1  1  1  4  4  5  5
  6  6  7  8 13 13 14 14
  6  6  9 10 13 13 14 14
 11 11 12 12 15 16 19 19
 11 11 12 12 17 18 19 19

Quadtree nodes: 
(1, 0, 1)
(2, 0, 2)
(3, 0, 2)
(4, 1, 2)
(5, 1, 2)
(0, -1, 0)
(6, 0, 2)
(7, 0, 3)
(8, 1, 3)
(9, 1, 3)
(10, 1, 3)
(0, -1, 0)
(11, 0, 2)
(12, 1, 2)
(0, -1, 0)
(13, 1, 2)
(14, 1, 2)
(15, 1, 3)
(16, 1, 3)
(17, 1, 3)
(18, 0, 3)
(0, -1, 0)
(19, 0, 2)
(0, -1, 0)
(0, -1, 0)
CPU time: 0.000326
